696.3044691371525 786.839920528106
520.5714572738159 567.7777255823302
495.2689672274524 441.2766669811858
257.52256573722707 984.2015031443574
669.4278656708734 201.7233807724078
553.6063914459528 196.2252383951032
782.7821514699122 991.820964467138
567.1601263137673 752.3833997783738
227.32142872167327 825.3859373015297
587.1499698465839 326.0532530908764
933.4042095461239 309.92614601332934
852.608055748 278.18144153679316
591.0026264544551 280.9322985062699
933.9180219109189 823.1369093666254
43.78171735685976 60.468520919929716
167.1773632469764 323.8942666550265
898.46206595794 554.0809657093388
868.7733222711606 665.7574437717775
265.1813377986737 775.0256995814883
129.97391407618707 857.2867539014309
460.07444753782664 854.3483878094625
949.913629067599 743.8146957761317
506.99000756339274 285.66821491616224
889.3120899383698 512.259599083621
783.7729467520716 870.2064711092604
321.7620086176226 215.52671429690008
788.2855285856043 529.3341397265149
151.06573418239344 261.2885414011883
406.87884831223107 174.18011397694278
291.6127326564859 733.8135204364614
512.4943290435832 717.9592940022261
667.1402964635955 719.2367249258814
563.6077134378783 651.171865679775
478.8859077306198 360.12690182354635
615.882151746592 245.27097148763178
798.6025235247783 464.97810339412905
395.07704720349915 556.15591643797
210.79885033219327 157.28398636830732
508.14530425506575 269.20175145836845
429.0900104908895 775.9711603619485
191.41039773064063 997.0876364843143
549.3553607342246 859.0045183229994
99.50917418121097 399.0371077805791
240.76564010064382 240.03363454929894
105.92879242807184 416.8728345558227
473.7282018684619 708.6643352391761
333.6114647944551 510.2580297819709
778.3383659854892 779.1662205986944
831.1978398842834 768.0180209394434
85.24585388247996 938.3048944337007
681.8791910930656 580.7284761347746
829.6175481684696 234.996622640953
875.7019790560819 139.5737571712915
180.70585084797906 599.7172694774225
695.3825807433038 449.1934860065927
34.67596674340767 915.7094036380706
288.60484028261203 944.2335164820091
707.4610267243743 541.3527956940958
410.0117008716481 536.1126003367125
250.50917786963 918.8596942374076
20.53001072213412 906.6284798216892
147.463243314366 368.4458153072351
655.951116043415 889.7194031096913
916.5228571872223 110.67816462314394
80.36236878277758 37.28070876138312
142.58170322531595 865.5407851189785
429.43817043375543 760.6108572986014
74.46597693792256 246.9833176310393
388.17843175562325 984.306368573294
425.25323175347916 943.8160109336673
983.9158988862678 75.14284301820761
109.56219314243454 357.4161792368911
713.5121257417939 347.1933479730004
715.0477013471058 272.7634083091352
776.277153348847 730.2702082890232
72.89833939189072 607.7377944677788
615.048638377244 80.48151573593576
622.3846887219538 263.93514861612664
829.0849773067949 320.13441583911793
81.61414763910568 693.5529146151894
111.8937448889753 203.79589000973576
749.9333239442907 233.77726383570996
243.5502430951223 309.1606010450414
494.5441712382686 931.116090208465
327.9574905117432 809.0007282651577
741.4800289782621 518.4628661423166
306.1594401255927 88.93809121693708
419.46995247592656 266.9527948899706
994.4996006870286 635.6367577662901
540.3797950528867 86.19097099319207
183.3738277975554 512.3379760676912
667.4004573742061 858.6368496505422
304.53016958541167 365.7481184478596
30.4946974690774 271.7668845875955
159.22858339067548 827.4075986652742
715.3256537643264 831.4974326384709
862.0798835978239 428.82858385928205
397.0827036025818 21.398521555846873
553.9237337929587 237.14669682106327
919.5913955529217 904.5821195292523
403.28307682919797 596.1387811311323
42.462922375457126 805.5141499374907
207.11380349872687 998.8694889163562
776.6544145071572 480.24843446859234
576.2486248701141 610.9569114640233
602.343661344925 313.44894515435226
281.1074863958395 288.3519102725147
919.0267332450378 148.1834763827693
735.1246846955306 421.41242062330883
865.6981804835173 561.7158724112962
417.19612204381906 396.3654359401628
126.26873602925114 40.78211255610709
388.3985056165393 676.4917873435088
422.9193307763246 703.9547050703451
811.8255732444597 707.4623002879811
827.31314374117 696.6402387832234
95.59573983514247 894.361222407635
670.5504467801477 171.62248583293928
16.36021286339917 192.44261208528357
340.25990750329584 484.3447538564369
890.4588923284996 801.102800346572
139.63990250065862 734.0722673061395
525.2951958332164 505.0806705734074
656.5629956378168 958.1833074330419
468.33152175579215 93.91084875875289
485.93282555977703 406.96877713549384
138.00917777601208 823.317957572077
723.0093691240623 70.78447467550842
946.436231847972 817.8650585182745
659.1725748691686 473.04909344244373
778.173223975262 189.65255113170343
502.6243860887355 430.85817661071314
138.82556681630766 974.6563817739527
947.1548972388013 397.26874703474067
910.2645081073904 963.1461831600595
694.5060078416176 272.6996187074172
20.202050182449582 481.1152109715213
684.5583638007694 751.8586263256586
138.47189723368493 543.6956237357688
209.38223034737845 493.63122765394354
44.89038088306718 366.78057945427025
180.20853270944093 415.0807271071301
292.23888455671 707.0121688351824
522.7628087853943 987.017950660663
758.1706393763717 61.04203699319288
823.9791661270848 612.7332340147316
153.4565828749792 4.97616942427237
300.93459338186 469.01997687743193
283.7363952594776 722.3611954271547
466.93208442838863 148.6699074286002
97.96775480633546 377.6621607541294
763.3877401188951 530.6293123323858
416.9545720853568 684.7531671610923
991.9036697569167 447.21761817634433
978.4943411435585 262.38329444111406
412.3729493802522 604.2662676675482
399.3983356309414 607.6503854412316
358.9552331236507 412.04480098218386
318.58577103578125 485.45396774529405
492.9667829363904 822.8429122756743
148.52623358403727 895.6809529215859
431.13569283559815 204.1354373526848
457.0111563091067 396.99564630694584
846.9952603040251 849.643131942513
317.6400600269267 821.5245695859736
7.347345572394026 262.78060504193843
750.5133027781129 32.584560849422296
761.3537766143268 396.40984119219536
760.5048060438742 635.5321481463405
881.4993431351168 541.4142015122873
892.7836353269793 790.9391801358869
686.7691830899083 221.49029833306878
24.768866080837615 560.7761867277329
758.966360667127 675.6231838127893
611.3861135540112 294.2266305608203
966.688515306952 663.6261883514125
959.0468097867267 860.8902874957545
698.0598963134958 954.0635267312996
470.3716412418942 335.9488016910502
447.5301594439144 983.0295754227119
625.4427238191853 229.05704497669055
709.0158308819423 903.0742095192769
808.7788084920012 492.68059805535256
590.4771171023818 281.9933931191989
195.03581684110384 523.3233183776774
474.4945895422039 119.76512027424357
441.00334354924377 178.7903138609166
293.87110676334237 214.05771858943712
493.297357677061 647.7013776508451
520.4850789206229 108.73428006224917
70.0843714144228 528.7741412588158
743.6964447056994 131.29513970118546
764.5226167946349 511.41642422061886
567.8613575057628 433.2762018848816
183.1844519148037 793.0574416834916
711.7308018759655 915.3329301028299
926.3157190567147 141.55324671405745
492.94902540185825 753.6135391686006
995.3811097235558 912.6139546840765
232.7151597895092 23.571006153151664
88.56208140727439 898.375740439934
464.16771063302195 851.4665126574969
248.84277355118044 173.95344349359843
188.76817177518768 987.744966144373
995.4344414555216 387.00570193419946
593.9144326103309 776.2024187929283
663.0904499516456 988.2420322217052
544.2963152115615 468.9405405420032
576.9907055114852 371.44426408507127
877.2484761084028 550.6931226873637
237.84485167287818 56.04221738624338
418.90637644539186 458.3485732975047
125.0809541342135 866.6827857217937
712.683419677765 16.202202987071978
171.94593162097692 278.673420143109
525.8810628458726 947.7491520830293
93.78884721786574 923.5928965868418
794.3539017070101 476.5583851736619
319.2387997406222 518.388605222486
42.593785279436915 899.773963628649
855.4634038731936 558.800904628964
474.2968097969994 459.63475407982435
797.435347318353 298.5001027535763
483.35780235185365 527.6964762268303
214.16704499042993 359.4865168942314
971.352637673513 592.2509149882358
199.28215006008477 499.320455360039
256.45014769829646 304.1919533296442
550.0884071093523 559.443662228314
653.3416372963392 342.2156046627487
2.4718380818029573 374.4626788795998
673.5313471021822 460.6537602893409
188.96723821039373 940.0254706241636
584.1315756473387 597.8293447313421
971.3625951125704 69.57090043553227
737.680015385149 780.208570268758
355.385475492629 560.803821481969
97.06093959408358 901.0270554577187
607.4690952991548 357.9503806516158
440.9450080111487 323.5461731823428
979.4663700386145 634.7090582573373
294.52616089992057 783.7431058264567
206.85244950421355 588.4219673831857
485.06650640396754 883.9975511227425
470.56460121909095 175.76262582365067
120.18388854575946 462.7201819028979
928.5154106964227 645.6395990368017
463.02184772865786 326.03076766557314
482.64938377505007 708.6350234828843
606.2116420189017 22.932187326430654
553.4526881556595 588.4101734108183
255.94945923441725 255.0146251144184
363.697274281388 934.2269745069412
319.7606242670176 412.54249636293605
349.5503637258063 252.65568908319514
61.48599698853863 240.20335744151112
520.3262724315276 102.14446717143055
556.2741781391607 862.4100276374352
449.1430657428442 37.31208494580118
420.085045451225 238.68213121940894
316.07995566449375 890.1003891240852
361.9501771585348 765.2392891965724
503.2506391884983 873.4974622299138
766.2068290751133 888.3242439463144
30.49721512456516 49.4488818046066
948.3933418033797 603.0289636856515
103.77356486064515 360.8390115883504
377.106858859927 183.5377245735289
213.21728935032937 507.529887337544
484.77819163355804 965.4030037534358
397.99720767770054 816.5204804596859
679.3978598720956 74.88595465731551
41.18040767366304 697.1586168600257
847.4382937300375 790.6667066701714
450.1944484861963 629.8471751920075
864.7946743518793 60.68672874661496
117.49199934825295 787.9771577984448
918.8346880373989 799.9865224978638
765.524230657583 376.1704270617958
925.6873723032586 42.790955194519256
458.15697773792584 154.98365629961165
121.27128028285694 349.9627944220667
658.9275072979215 421.75250930078556
533.990122068089 402.7003225279736
933.2653890799437 648.0046810553879
41.87502473307836 70.75610631680662
811.6039712163429 92.6001674579956
539.3523802499528 394.90476781654115
931.2533038637426 714.3027705754575
478.2212152819013 717.3872596837188
547.3341114523076 56.25197910717294
839.931994926345 966.3784581844168
421.64403905737294 508.8191124519721
419.43801416993296 667.4338802132859
462.4631003058052 183.5402359053323
59.90643023561471 747.8822065509522
271.1507159019212 9.170072046950972
875.007458031479 2.613242935109561
557.0717498850415 505.0967485734558
950.7467979321657 735.6800527607221
171.16288225607258 277.1171517073525
950.9481741957807 462.499758423245
842.4687080351961 167.49186027440987
234.8675168534815 34.00571032512823
308.662080208465 487.15071838842283
491.5516397233272 580.4925693371046
568.8375466388284 632.7619844812664
272.8843375242812 812.9104561515064
125.82248513507388 262.79162464045294
285.031450299567 188.28451077107377
878.0051751851979 446.14515676099273
529.5798337383677 32.24088314012852
639.9284953543123 272.5784679118497
479.2726677198973 611.4556756173642
796.232166650023 178.3649569500877
832.3903514474099 141.46549593371694
579.1671093790326 915.0869935373738
502.39417001078033 167.94569238196777
53.68278040745089 635.2096679857398
840.2347606410594 707.107172386118
839.0881140798068 153.8274816793247
678.7689330513691 142.65793325710396
866.6538684338245 750.9600899491311
197.7606985919329 693.6097158667802
902.5724057648232 693.2457648160029
23.904346063869486 862.5507542004417
409.5492089697099 858.2795470164734
84.63898225583944 594.0838640032115
295.4123710020646 37.55857941724372
594.1427244158033 354.6358100201334
796.6957758351041 376.88483705494656
111.11673142222811 370.1166728263946
298.04796744199047 204.74258500501563
187.7291005647399 813.6596530230328
263.42833467634495 350.3822424127071
996.02498603611 540.1942655967243
590.2569976525057 540.3003210351524
344.5480311975345 39.26784075167622
381.80289122968946 763.210679040049
491.87851314076005 300.4865916923034
902.119518383247 946.8581924254939
677.7935934939933 446.90343616689665
406.17060099968927 378.7865890839536
47.283311290373106 762.8431258963261
343.68915050909663 781.6468693197771
758.980900781059 578.6263735992866
747.6553607744559 575.698033873014
712.4167845585414 821.4652159013641
771.1006791381626 825.1187314131696
730.9435799213838 263.9156464764423
817.8984853495128 367.3754009268161
350.0710505299902 442.40930316991813
277.0418826421214 146.9835518401439
896.9517533482783 255.5344524410077
15.62695126386826 607.8609122442635
300.19316831581966 594.9355842348061
940.7316829816318 304.99001235451993
370.74798330630233 773.9284915409179
605.364208828497 198.70858326164964
162.11819894047952 571.9060941448248
850.3844665372071 661.9661397580794
228.47304409307802 533.0843004810306
64.69512026215018 290.89561695229327
395.2613113507776 629.4869696131249
43.58105025164561 732.5586962727896
588.3904276555165 915.7118662939367
729.891638759306 22.72681291909173
648.8074958413928 319.0604688437587
947.0693002402907 578.9406393498209
702.1950983701701 975.421588780859
389.12229525356713 926.3110682420993
183.35872497702144 168.06184742102502
401.44929029424617 612.1450681684842
573.859923464844 877.2069576861941
449.3639521191327 24.9678489703814
319.9660741956334 372.7731030874502
766.1908610686885 50.999148227937496
104.94767337439382 424.0649719334333
671.0210189015434 646.5590681220541
568.043096323245 979.4944945220064
340.7755963771101 523.3256944309034
517.3732128609195 418.72193481096974
971.0207845502488 509.51773855230863
211.06292315092657 878.7875802410017
425.7113654036757 631.921331596969
438.1909474302308 493.85915749909384
290.4919734628699 543.29927067368
847.3520108515157 656.1681841292477
983.6333404116496 361.8389359694293
926.0181717076467 166.80909349402728
637.8911386760059 342.9430798214245
806.1160795866062 640.3912626606198
541.2405770394921 978.716875201401
103.2358649666606 386.06446223425706
925.1883695610695 416.2733803124754
722.8720035521113 89.12777463161392
795.2868946485593 820.2018315339386
120.62418891984106 639.1180747084809
450.2015888613883 173.4178652630346
944.7926835254722 367.07464424045475
83.51442415390598 741.1709238485704
972.762435441583 304.464333304481
850.7639345166036 557.055154874337
759.2779244654015 732.3899201100667
889.0742853196315 475.38452510411065
908.114353085449 513.4657598975484
456.63783056222826 614.1817181144801
692.6097871869898 780.89255846647
917.5750586512974 548.5606470664827
274.9944193213044 620.5235506441669
958.5019760606748 165.1046369995427
355.66653074679544 76.50848400500499
310.4983384570257 430.0794116198532
398.51336319652773 512.077170487595
53.185319543065376 529.712478129937
297.59622847560183 51.073868605874374
19.51338478416553 338.35732341244807
177.13307290021552 13.92035604641151
942.9869472829764 26.322534223355397
318.0435728069361 669.2365349085943
542.3748967118677 756.3296099895817
319.2580017012392 755.0636483821072
537.6351557024798 217.590611966752
522.4520349029249 977.117765659501
831.6924686987975 801.2024090690559
285.0859331192174 60.582433528055034
634.6334497278942 498.49279475896634
818.5093510128146 327.81392163736876
103.76203779360549 497.49732242425347
488.27462643342255 441.94300747969817
433.08627041270364 712.2901639083846
207.46862898127583 824.5788394225386
166.02620824975523 537.466620734707
889.1479994923635 986.1915256632105
524.020824040707 121.43750908517758
185.29675949738234 232.10593186580908
122.73390868732581 783.2693245497434
624.8165389011319 772.8354400892863
334.3714463812417 812.5707431111896
223.95263854014857 183.67519467814907
598.0462663146246 943.183352133198
636.6626430210821 503.73961234161135
468.0998984314436 483.856071881124
592.333282129968 200.557326982176
137.82166822487852 577.5488548846438
514.0506148927949 965.868153971212
793.1154241374011 415.7220814064989
151.91603975766355 514.423662575414
781.8735654947992 965.6240222644125
716.2411589878903 358.3689085449195
524.5886236964034 234.07475191950243
295.1701751971516 176.3228127935631
966.9087806875771 231.29415855616642
788.9017939119005 443.28179261697267
134.2550861055256 396.25923118349635
234.41753111931473 315.20550643146214
869.218402694807 936.820947580432
593.2916045481053 997.9063871065625
747.5098524032037 164.0385699100083
713.7478429128687 609.003713668396
838.6319625199437 838.264580493957
34.37035865970572 253.6489928582427
845.4735445382006 743.1307811900728
787.4315636225077 37.782264166882015
912.9110368193344 920.6386436560244
199.0436871277166 899.7373153384328
486.75710901349424 951.8088337920473
228.34975338662312 677.465908502416
574.9014318623739 124.79600105582267
564.5694516925105 629.3595188746397
656.1979202382555 20.58117905155299
328.19586293996304 551.0115630884726
732.2570086206905 720.139817172714
225.67384141464453 674.456477184479
13.982709078798393 865.512679131464
207.62388121276598 28.502517171001497
46.20742784721044 715.5700672394847
200.90528651051852 571.1078760663823
590.2820640439817 625.5231081369177
555.0361664246827 621.4315155121385
838.5447501213561 827.820427169736
151.4882061290922 283.10830946340536
609.0705158778956 287.1844458372245
900.6436340544626 736.9076999009751
50.40537542561074 100.9851690338408
23.14989618537766 361.192120847482
810.3073918233474 717.6900434415609
208.1915279231159 353.17641058817895
827.7695482910422 618.3802841174374
134.3528727703587 748.0625953697706
298.50608851594694 219.3046826050975
473.4142971355194 597.9890745951675
789.6557780313157 980.0431302744071
20.586806130435285 707.4536400511694
682.0709706134504 576.075283974184
187.6325439955656 906.1192048035398
364.55191675791457 344.83234021497077
710.2434426050427 653.6516467504028
244.74577128637253 595.0950771193324
493.61869004833136 938.9144327761906
